  n  f 2f+1  tx/blk  admit ms/tx  commit ms  tps seq  tps node
  4  1    3     100       0.1360       43.1     1762      3574
  4  1    3     500       0.1357      213.2     1779      3599
  4  1    3    1000       0.1371      431.1     1760      3561
  4  1    3    2000       0.1389      873.4     1737      3515
  7  2    5     100       0.1390       74.5     1132      3473
  7  2    5     500       0.1401      362.8     1155      3506
  7  2    5    1000       0.1484      710.9     1164      3441
  7  2    5    2000       0.1379     1440.1     1166      3547
 10  3    7     100       0.1381      101.0      871      3541
 10  3    7     500       0.1390      516.0      854      3491
 10  3    7    1000       0.1391     1010.6      870      3528
 10  3    7    2000       0.1376     2014.3      874      3553
 13  4    9     100       0.1429      145.3      627      3286
 13  4    9     500       0.1423      687.1      659      3390
 13  4    9    1000       0.1394     1354.7      669      3449
 13  4    9    2000       0.1416     2639.3      684      3469
 16  5   11     100       0.1366      163.3      565      3508
 16  5   11     500       0.1392      795.3      578      3524
 16  5   11    1000       0.1379     1599.9      575      3529
 16  5   11    2000       0.1380     3137.8      586      3563
