gas per anchor (compact variant, measured in E7): 37372

A. Policy sweep (2 tx/s mean, 0.1% critical, 5% sensitive); exposure in seconds
policy                 anch/day Mgas/day   routine   sensit. crit.mean  crit.p95  crit.max      RWE
PB                        39809  1487.74       7.0       7.0       6.9      12.0      12.0      7.0
FI-5                       8639   322.86      11.0      11.0      11.0      18.4      20.0     11.0
FI-15                      2880   107.63      23.0      23.0      22.9      38.0      40.0     23.0
FI-30                      1440    53.82      41.0      41.1      41.2      68.0      70.0     41.0
FI-75                       576    21.53      83.1      83.1      82.2     149.8     159.8     83.1
FI-150                      288    10.76     161.0     160.9     161.8     296.2     310.0    161.0
FI-300                      144     5.38     311.0     311.1     315.8     579.2     609.2    311.1
FI-450                       96     3.59     461.3     461.3     462.8     865.8     907.2    461.3
FI-900                       48     1.79     911.5     911.7     913.0    1731.2    1805.2    911.6
SAAA(theta=250)             870    32.52      58.8      57.7       6.9      12.0      12.0     57.9
SAAA(theta=500)             485    18.14     107.1     106.2       6.9      12.0      12.0    105.6
SAAA(theta=1000)            295    11.02     191.6     190.8       6.9      12.0      12.0    189.0
SAAA(theta=2000)            210     7.83     309.5     308.3       6.9      12.0      12.0    305.2
SAAA(theta=4000)            183     6.85     390.1     389.1       6.9      12.0      12.0    384.7
SAAA(theta=8000)            180     6.73     409.7     408.8       6.9      12.0      12.0    404.0
SAAA-B(96)                  180     6.73     409.7     408.8       6.9      12.0      12.0    404.0
SAAA-B(144)                 180     6.73     409.7     408.8       6.9      12.0      12.0    404.0
SAAA-B(288)                 298    11.14     217.5     215.9       6.9      12.0      12.0    214.4
SAAA-B(576)                 581    21.72      93.1      91.9       6.9      12.0      12.0     91.7
SAAA-B(1440)               1444    53.98      37.5      36.4       6.9      12.0      12.0     36.9

B. Share of critical transactions varied, budget 288 anchors/day
policy                 anch/day Mgas/day   routine   sensit. crit.mean  crit.p95  crit.max      RWE
crit=0.01% FI-150           288    10.76     161.1     161.0     161.2     291.0     303.6    161.1
crit=0.01% SAAA-B           291    10.89     159.8     158.5       6.9      12.0      12.0    159.4
crit=0.05% FI-150           288    10.76     161.1     161.0     166.4     296.0     308.8    161.1
crit=0.05% SAAA-B           293    10.94     178.0     176.9       7.0      12.0      12.0    176.6
crit=0.10% FI-150           288    10.76     161.0     160.9     161.8     296.2     310.0    161.0
crit=0.10% SAAA-B           298    11.14     217.5     215.9       6.9      12.0      12.0    214.4
crit=0.20% FI-150           288    10.76     161.0     160.6     159.9     294.6     310.0    160.9
crit=0.20% SAAA-B           344    12.87     242.8     242.3       7.0      12.0      12.0    236.3
crit=0.50% FI-150           288    10.76     161.0     161.1     159.7     295.8     310.0    160.9
crit=0.50% SAAA-B           850    31.78     106.0     105.9       7.0      12.0      12.0     99.5
crit=1.00% FI-150           288    10.76     161.1     160.8     160.6     296.4     310.0    161.0
crit=1.00% SAAA-B          1665    62.23      56.5      56.6       7.0      12.0      12.0     50.5

break-even weight of a critical event for equal RWE at 288/day: 417

C. Load varied, threshold tuned for 2 tx/s; budget 576 anchors/day
policy                 anch/day Mgas/day   routine   sensit. crit.mean  crit.p95  crit.max      RWE
0.5 tx/s FI-75              576    21.53      83.0      82.8      81.1     149.8     157.8     83.0
0.5 tx/s SAAA               147     5.49     332.5     328.6       7.1      12.0      12.0    327.4
0.5 tx/s SAAA-B             579    21.64      83.3      78.5       7.1      12.0      12.0     81.5
1 tx/s FI-75                576    21.53      83.0      82.9      82.2     150.0     158.4     83.0
1 tx/s SAAA                 296    11.05     169.4     166.9       6.8      12.0      12.0    166.6
1 tx/s SAAA-B               580    21.67      86.6      84.3       6.8      12.0      12.0     85.1
2 tx/s FI-75                576    21.53      83.1      83.1      82.2     149.8     159.8     83.1
2 tx/s SAAA                 582    21.74      88.3      87.2       6.9      12.0      12.0     87.0
2 tx/s SAAA-B               581    21.72      93.1      91.9       6.9      12.0      12.0     91.7
4 tx/s FI-75                576    21.53      83.0      83.0      82.9     151.4     160.0     83.0
4 tx/s SAAA                1154    43.14      47.4      46.8       6.9      12.0      12.0     46.8
4 tx/s SAAA-B               587    21.93     117.7     117.2       6.9      12.0      12.0    116.1
6 tx/s FI-75                576    21.53      83.0      83.0      82.7     150.6     160.0     83.0
6 tx/s SAAA                1710    63.92      33.8      33.5       7.0      12.0      12.0     33.4
6 tx/s SAAA-B               573    21.40     144.7     144.6       7.0      12.0      12.0    142.8
